server[0] 16 0 2 16294372 2GHz 1
server[1] 16 0 2 16294372 2GHz 1
server[2] 16 0 2 16294372 2GHz 1
server[3] 16 0 2 16294372 2GHz 1
server[4] 16 0 2 16294372 2GHz 1
server[5] 16 0 2 16294372 2GHz 1
server[6] 16 0 2 16294372 2GHz 1
server[7] 16 0 2 16294372 2GHz 1
server[8] 16 0 2 16294372 2GHz 1
server[9] 16 0 2 16294372 2GHz 1
server[10] 16 0 2 16294372 2GHz 1
server[11] 16 0 2 16294372 2GHz 1
server[12] 16 0 2 16294372 2GHz 1
server[13] 16 0 2 16294372 2GHz 1
server[14] 16 0 2 16294372 2GHz 1
server[15] 16 0 2 16294372 2GHz 1
server[16] 16 0 2 16294372 2GHz 1
server[17] 16 0 2 16294372 2GHz 1
server[18] 16 0 2 16294372 2GHz 1
server[19] 16 0 2 16294372 2GHz 1
server[20] 16 0 2 16294372 2GHz 1
server[21] 16 0 2 16294372 2GHz 1
server[22] 16 0 2 16294372 2GHz 1
server[23] 16 0 2 16294372 2GHz 1
server[24] 16 0 2 16294372 2GHz 1
server[25] 16 0 2 16294372 2GHz 1
server[26] 16 0 2 16294372 2GHz 1
server[27] 16 0 2 16294372 2GHz 1
server[28] 16 0 2 16294372 2GHz 1
server[29] 16 0 2 16294372 2GHz 1
server[30] 16 0 2 16294372 2GHz 1
server[31] 16 0 2 16294372 2GHz 1
server[32] 16 2 0 16294372 3GHz 1
server[33] 16 2 0 16294372 3GHz 1
server[34] 16 2 0 16294372 3GHz 1
server[35] 16 2 0 16294372 3GHz 1
server[36] 16 2 0 16294372 3GHz 1
server[37] 16 2 0 16294372 3GHz 1
server[38] 16 2 0 32841176 3GHz 1
server[39] 16 2 0 16294372 3GHz 1
server[40] 16 2 0 16294372 3GHz 1
server[41] 16 2 0 16294372 3GHz 1
server[42] 16 2 0 16294372 3GHz 1
server[43] 16 2 0 32841176 3GHz 1
server[44] 16 2 0 32841176 3GHz 1
server[45] 16 2 0 16294372 3GHz 1
server[46] 16 2 0 16294372 3GHz 1
server[47] 16 2 0 16294372 3GHz 1
server[48] 16 2 0 16294372 3GHz 1
server[49] 16 2 0 16294372 3GHz 1
server[50] 16 2 0 16294372 3GHz 1
server[51] 16 2 0 16294372 3GHz 1
server[52] 16 2 0 16294372 3GHz 1
server[53] 16 2 0 16294372 3GHz 1
server[54] 16 2 0 32841176 3GHz 1
server[55] 16 2 0 16294372 3GHz 1
server[56] 16 2 0 16294372 3GHz 1
server[57] 16 2 0 16294372 3GHz 1
server[58] 16 2 0 16294372 3GHz 1
server[59] 16 2 0 16294372 3GHz 1
server[60] 16 2 0 16294372 3GHz 1
server[61] 16 2 0 16294372 3GHz 1
server[62] 16 2 0 16294372 3GHz 1
server[63] 16 2 0 32841176 3GHz 1
server[64] 12 0 0 99058636 any 1
